0.5 1.3333333333333333 56
1.4545454545454546 4.0 75
-5.0 1.1111111111111112 69
1 1.25 4.0
-0.6666666666666666 1.0 98
-2.0 0.1 35
-0.6666666666666666 2.3333333333333335 44
-0.14285714285714285 2.5714285714285716 74
0.0 2.3333333333333335 75
0.5 2.6666666666666665 22
-0.4 7.0 87
1.0909090909090908 10 None
0.7777777777777778 57 None
0.6153846153846154 1.1666666666666667 85
1.5 1.6666666666666667 24
1.0 1.7142857142857142 34
0.16666666666666666 0.7142857142857143 100
-1.2857142857142858 0.21428571428571427 97
0.6666666666666666 1.0 28
-0.0 1.7142857142857142 49
1.8571428571428572 100 3.0
0.0 12 3.0
-0.0 3.0 56
0.42857142857142855 1.6 28
0.625 1.5 51
1 1.4166666666666667 1.5
0.0 1.3333333333333333 48
-0.0 0.875 80
-0.5 2.25 25
-6.0 0.5384615384615384 9
-5.0 1.7142857142857142 24
0.0 1.8 95
1.4285714285714286 58 None
-1.0 1.75 98
-0.5 2.6666666666666665 85
1.0 2.125 95
1.25 25 4.0
-4.0 0.9090909090909091 57
1.0 1.625 4
-0.0 1.2222222222222223 34
-0.2857142857142857 1.1428571428571428 57
-3.0 0.08333333333333333 58
0.7 84 None
1.3333333333333333 1.4285714285714286 52
1.5 1.625 50
7.0 75 None
-1.5 16 2.1666666666666665
1.2727272727272727 1.6666666666666667 44
-0.4 1.2222222222222223 29
0.8333333333333334 0.9 95
0.3333333333333333 2.125 47
-0.3333333333333333 0.875 37
0.75 34 None
0.7857142857142857 57 7.0
0.16666666666666666 1.5 100
2.25 87 None
0.0 2.2857142857142856 38
0.0 2.4 56
-1.0 3.3333333333333335 69
1.2 75 None
1.0 41 None
1.0 9.0 96
0.125 2.4 29
1.6666666666666667 68 None
0.5714285714285714 2.0 27
-2.0 0.9 91
0.0 12 2.1666666666666665
0.4 32 4.0
-4.0 0.9 29
-0.5 2.75 8
0.16666666666666666 1.8571428571428572 75
-5.0 1.2222222222222223 31
0.25 1.625 12
0.6923076923076923 24 4.5
0.0 3.6 8
0.0 1.1428571428571428 24
0.4 2.6 28
-2.3333333333333335 0.6153846153846154 31
-0.5 1.4 95
-1.5 2.125 95
0.2857142857142857 1.375 4
-0.6666666666666666 5 5.5
-2.0 2.3333333333333335 20
1.0909090909090908 1.6666666666666667 4
